000000000000000000000000000000000000000000000000000000000000000000000000000000000000000000000000000
000000000000000000000000000000000000000000000000000000000000000000000000000000000000000000000000000
000000111111111111111111110000000000000000000000000000000000000000000000000000000000111111111100000
110000111111000000000111111110000000000000000000000000000000000000000000000000000000000000000000000
000000111111000000000001111111100000000000000000000000000000000000000000000000000000000000000000000
000000111111000000000001111111100000000000000000000000000000000000000000000000000000000000000000000
000011111111000000000011111111000000000000000000000000000000000000000000000001111111111000000000000
000000111111000000011111111110000000000000000000000000000000000000000000000000000000000000000000000
000000111111111111111100000000000000000000000000000000000000000000000000000000000000000000000000000
110000111111001111111100000000000000000000000000000000000000000000000000000000000000000000000000000
000000111111000111111110000000000000000000000000000000000000000000111111111110000000000000000000000
000000111111000001111111100000000000000000000000000000000000000000000000000000000000000000000000000
000011111111000000011111111000000000000000000000000000000000000000000000000000000000000000000000000
000000111111000000000111111110000000000000000000000000000000000000000000000000000000000000000000000
000000000000000000000000000000000000000000000000000000000000000011111111111100000000000000000000000
111000000000000000000000000000000000000000000000000000000000000000000000000000000000000000000000000
000000000011111111000000000000000000000000000000000000000000000000000000000000000000000000000000000
000000000000000000000111111111000000111111111000000000111111111100000000000000000000000000000000000
000000000000000000000000000000000000000000000000000000000000000000000000000000000000000000000000000
111111111111111111111111111111111111111111111111111111111111111111111111111111111111111111111111111